1303937631 4313
1303940996 4602
1303944012 4627
1303970433 4693
1303970719 4704
1303971169 4709
1304016392 4802
1304016790 5002
1304036699 5537
1304102424 5545
1304469308 5724
1304471365 7524
1304471563 5721
1304578171 6992
1304582356 7022
1305066649 7237
1305136386 7237
1309218432 7490
1309220126 7457
1309220128 7457
1309221171 7317
1309221173 7318
1309222120 7317
1309283127 7318
1309283246 7271
1309287409 7295
1309289998 7293
1309290001 7295
1309296187 7295
1309296648 7297
1309299101 7183
1309299104 7184
1309300265 7191
1309301665 7219
1309315782 7229
1309316186 7228
1309358414 7157
1309359295 7161
1309380488 7178
1309387887 7223
1309392653 7297
1309392662 7239
1309416474 7302
1309418137 7149
1309419116 7159
1309454487 7164
1309455628 7156
1309457580 7152
1309457585 7152
1309457633 7153
1309465078 6940
1309466207 6889
1309466211 5301
1309466244 5301
1309467073 5313
1309467076 5313
1309467449 5315
1309467461 5315
1309474585 5374
1309542080 5374
1309583716 5389
1309583789 5612
1309583955 5612
1309584065 5612
1309584109 5612
1309587039 5971
1309645797 6058
1309901093 6058
1310006621 6058
1311967859 6061
1311970233 5890
1313645182 5890
1313645185 5929
1313645894 5928
1313646050 5928
1313692667 5928
1313692762 5760
1313703907 5772
1313711902 5777
1313711929 5778
1313778319 5780
1313781283 5780
1313781315 5783
1313789021 5783
1313789066 5784
1313806811 5784
1313807924 5787
1313808727 5768
1313810448 5777
1313811432 5776
1313824859 5776
1313873680 5776
1313892056 5776
1313896743 5850
1313899561 5850
1313900097 5850
1313900721 5849
1313988130 5952
1313988176 6318
1313989507 6046
1313989549 6045
1313990015 6040
1313990814 6049
1313991039 6049
1313992081 6050
1314037564 6050
1314037641 6050
1314037741 6050
1314041695 6052
1314042630 6145
1314043957 6219
1314044094 6138
1314073890 6136
1314074854 6136
1314075077 6141
1314075751 6121
1314082382 6124
1314155799 6043
1314226508 6036
1314240911 6037
1314262807 6045
1314312805 6045
1314400083 6486
1314416303 6502
1314425919 6572
1314484218 6570
1314678240 6564
1314678413 6726
1314679272 6524
1314679965 6520
1314682453 6520
1314682565 6522
1314683020 6524
1314770581 6514
1314770914 6516
1314771937 6526
1314772459 6445
1314772666 6445
1314813353 6435
1314942804 6469
1314942899 6462
1314946964 6464
1314948534 6471
1314948567 4283
1314948594 6472
1314949805 6577
1314949942 6581
1314950163 6581
1314950287 6545
1314950596 6551
1314981326 6549
1314982111 6549
1314982353 6550
1314989638 6556
1314989657 6565
1314990140 6568
1314990156 6569
1314991183 6576
1314991468 6576
1314991874 6577
1314992141 6586
1314992807 6590
1315001232 6590
1315022401 6596
1315025651 6630
1315026518 6641
1315026552 6641
1315026589 7668
1315029698 7804
1315030199 7810
1315031281 7829
1315031728 7841
1315031744 7851
1315115601 7964
1315170176 8009
1315371240 8028
1315377021 8139
1315377045 8059
1315377140 8059
1315500217 8164
1315503416 8155
1315504025 8179
1315548088 8224
1315548133 8348
1315548518 8350
1315551767 8370
1315551781 8368
1315587847 8393
1315609259 8398
1315626458 8452
1315629799 8452
1315630241 8458
1315684807 8468
1315685057 10372
1315685890 10374
1315685904 10603
1315693778 10795
1315693793 10803
1315693842 10803
1315693926 10803
1315713923 10861
1315713969 10883
1315714218 10886
1315716612 10896
1315716851 10908
1315719103 11011
1315719115 11291
1315720058 11340
1315720259 11340
1315720559 11345
1315721130 11344
1315787775 11361
1315789289 11364
1315789741 11348
1315791865 11480
1315796028 11474
1315796445 11475
1315797454 11479
1315797469 11638
1315798725 11640
1315799200 11636
1315799255 11637
1315800775 11652
1315800789 11718
1315802603 11718
1315803746 11718
1315843126 11712
1315844694 11712
1315859518 11712
1315859566 11712
1315859578 11716
1315879244 11724
1315879259 11724
1315881648 11660
1315883246 11579
1315891168 11613
1315891184 11614
1315931743 11622
1315932283 11611
1315933704 11679
1315950438 11686
1315970670 11686
1315977788 11704
1316146779 11704
1316150861 11704
1316151392 11698
1316151650 11696
1316153396 11696
1316153766 11696
1316196566 11696
1316196586 11752
1316197447 11888
1316197485 11763
1316201430 11763
1316203309 11763
1316207238 11759
1316288858 11830
1316294451 11825
1316308856 11825
1316309140 11825
1316378712 11825
1316397921 11825
1316405032 11832
1316405636 11832
1316488431 11832
1316488473 11832
1316555414 11832
1316555450 11832
1316721297 11831
1316721334 11831
1316722435 11831
1317320917 11831
1317362466 11886
1317362993 11886
1317363147 11886
1317363874 11887
1317364286 11891
1317364330 11891
1317364691 11897
1317619586 11895
1317619982 11895
1317621611 11895
1317621647 11895
1317667602 11898
1317703011 11898
1317703433 11905
1317705290 11965
1317706035 11971
1317706611 12010
1317707075 12010
1317711014 12006
1317715057 12008
1317715092 12008
1317716167 12010
1318056812 12064
1318056890 12048
1318056974 12048
1318058078 12110
1318058181 12110
1318058341 12112
1318058817 12120
1318058872 12119
1318090885 12120
1318219058 12127
1318222960 12280
1318224739 12180
1318225128 12180
1318225485 12185
1318226112 12218
1318226554 12222
1318300704 12220
1318394977 12231
1318402002 12443
1318402183 12250
1319088164 12250
1319088374 12181
1319091082 12147
1319093441 12144
1319127202 12144
1319181167 12145
1319182621 12199
1319689325 12246
1319689723 12246
1319784348 12241
1319853457 12247
1320128316 12249
1320128533 12696
1320128885 12706
1320217068 12706
1320217483 12716
1320356753 12722
1320364983 12722
1320365173 12722
1320365292 12722
1320367190 12726
1320370818 12720
1320430648 12720
1320430686 12720
1320438884 12720
1320438931 12720
1320439465 12725
1320439563 12725
1320538001 12726
1320538059 12726
1320538075 12726
1320616140 12740
1320688722 12777
1320779066 12740
1321432024 12749
1321432100 12751
1321432211 12753
1321517459 12753
1321519242 12753
1321854172 12915
1321854309 12771
1321855171 12773
1325700171 12773
1325700191 12782
1325700208 12782
1325876991 12782
1325961063 12782
1327290242 12790
1327430483 12790
1328044714 44695
1328045009 44680
1328047180 55762
1328047905 55765
1328049486 55538
1328059621 55508
1328060123 55509
1328067162 55509
1328143447 55511
1328143525 55555
1328144800 55528
1328146884 55549
1328147661 55550
1328147732 55548
1328147859 55548
1328148040 55545
1328148412 55545
1328148679 55545
1328148734 55545
1328149119 55545
1328149481 55545
1328149534 55545
1328149658 55545
1328163206 55545
1328163689 55545
1328164066 55682
1328164251 55681
1328164662 55681
1328253377 55681
1328254263 55546
1328255242 55546
1328516251 55560
1328680708 55563
1328682947 55570
1329185436 55577
1329185501 55578
1329460862 56402
1329460958 56402
1329518370 56408
1329518501 56408
1329539149 56408
1329540056 56408
1329540422 56406
1329540792 56412
1329542288 56412
1329607045 56412
1329607061 56412
1329607418 56424
1329607904 56424
1329624398 56428
1329624491 56429
1329624574 56430
1329691987 56424
1329692093 56449
1329692107 56449
1329692382 56449
1329692485 56456
1329692692 56436
1329694714 56444
1329696054 56511
1329697726 56591
1329698441 56591
1329717309 56614
1329720752 56629
1329720814 56629
1329724319 56631
1329770329 56675
1329773816 56675
1329773844 56675
1329782802 56675
1329783493 56672
1329792965 56698
1329794066 56709
1329801606 56976
1329841458 57287
1329841519 57287
1329841748 57289
1329843610 57290
1329843904 57299
1329860593 57312
1329861122 57310
1329866156 57372
1329866285 57868
1329866478 57870
1329887536 57913
1329890499 58207
1329890991 58169
1329892821 58175
1329894002 58164
1329894943 58178
1329927145 58178
1329927171 57663
1329927689 57676
1329928567 57678
1329938153 57679
1329938192 57687
1329979134 57689
1330146144 57692
1330146377 57692
1330326936 57692
1330326971 57712
1330327815 57708
1330327872 57714
1330397308 57714
1330398584 57714
1330400407 57714
1330400656 57712
1330400841 57708
1330401044 57708
1330406540 57708
1330407168 57710
1330408254 57712
1330409324 57712
1330410865 57720
1330447979 57722
1330447986 57730
1330936156 57794
1330936322 57795
1330936494 57795
1330936617 57800
1330936706 57858
1330936957 57855
1330937233 57903
1331007294 57903
1331007335 57903
1331007642 57903
1331009379 57904
1331016459 57930
1331017237 57970
1331017587 57970
1331017674 57976
1331020203 58002
1331097163 58024
1331097209 58024
1331097417 58025
1331407385 58046
1331407427 58064
1331407627 58065
1331407797 58065
1331408254 58065
1331414686 58065
1331415658 58186
1331417549 58364
1331418046 58364
1331419018 58364
1331420975 58364
1331421294 58364
1331421313 58364
1331422648 58374
1331422901 58364
1331424066 58495
1331424416 58495
1331424954 58491
1331425294 58506
1331425432 58507
1331429889 58507
1331431439 58521
1331432128 58521
1331453208 58521
1331498884 58511
1331498910 58512
1331498927 58513
1331502112 58536
1331504155 58566
1331512108 58542
1331512703 58541
1331513597 58541
1331515098 58545
1331521435 58551
1331522199 58557
1331523497 58551
1331525579 58573
1331526111 58595
1331527440 58597
1331529934 58597
1331529967 58597
1331530117 58604
1331531015 58608
1331531110 58609
1331531894 58565
1331532765 58567
1331532876 58565
1331533298 58604
1331533988 58619
1331534032 58622
1331534062 58616
1331534599 58664
1331536527 58675
1331536912 58675
1331570292 58675
1331571430 58680
1331581487 58753
1331584298 58762
1331584664 58766
1331585136 58765
1331585810 58754
1331586019 58754
1331586204 58754
1331586578 58754
1332401598 58761
1333844259 58924
1334533513 60658
1335259305 64198
1335274754 64202
1335275121 64213
1335275577 64233
1335275628 64234
1335316001 64248
1335415925 64248
1335417279 64248
1335417339 64248
1335417589 64248
1338174478 64253
1338573227 64692
1338573867 64692
1339090286 64692
1344546024 64692
1345504426 49602
1345504917 49602
1345506229 49606
1345529623 49606
1345579061 49606
1345579128 49606
1345579166 49606
1345579240 49606
1345579322 49606
1345579631 49603
1345579689 49603
1345579741 49605
1345579885 49605
1345581720 49623
1345582753 49619
1345583240 49639
1345583701 49651
1345583769 49651
1345584146 49677
1345585127 49677
1345585345 49676
1345585393 49675
1345586003 49675
1345653957 49675
1345653967 49675
1345654137 49675
1345654301 49675
1345657481 49675
1345692238 49675
1345692488 49681
1345692767 49688
1345735827 48707
1345739936 48709
1345740464 48797
1345759481 48797
1345844702 48801
1345948885 48801
1345956667 48801
1345959070 48799
1346045380 48803
1346045449 48809
1346047616 48825
1346048627 48828
1346084240 48834
1346084312 48834
1346086403 48834
1346087098 48834
1346087296 48834
1346088727 48849
1346089931 48853
1346090206 48873
1346090701 48875
1346093207 48881
1346094315 48900
1346094448 48902
1346105542 48906
1346105575 48901
1346106050 48901
1346106463 48901
1346107195 48922
1346107734 48922
1346124762 48922
1346126781 48955
1346126789 48975
1346127535 49077
1346132532 49089
1346132585 49107
1346173924 49112
1346185986 48051
1346186773 48057
1347082491 48511
1347082551 48303
1347083195 48396
1347133837 48644
1347297062 48664
1348610463 48699
1348635641 56097
1348635749 56064
1348636073 55886
1348636607 55948
1348636714 55933
1348636824 55732
1348638048 55556
1348638482 55433
1348638665 55432
1348638821 55442
1348639040 55446
1348639069 55446
1348639189 55442
1348639278 55440
1348675197 55432
1348683627 55475
1348700553 55443
1349070339 55846
1349070554 55826
1349070752 55815
1349070884 55814
1349071914 55644
1349072227 55603
1349072395 55594
1349072443 55561
1349072647 55573
1349072811 55569
1349073863 55578
1349074008 55571
1349074020 55564
1349074166 55562
1349074254 55561
1349074322 55560
1349074475 55555
1349074775 55377
1349075118 54911
1349075204 54781
1349075465 54774
1349075969 54767
1349116060 54812
1349160060 55966
1349160141 55966
1349217691 55970
1351874211 50855
1351975441 51001
1351975495 51001
1351984484 50903
1351984554 51436
1351984682 51436
1352014303 51440
1352014669 51432
1352015530 51509
1352061464 51564
1352061515 51559
1352061720 51555
1352087947 51674
1352087990 51674
1352168845 51677
1352170834 51677
1352484544 51677
1352999737 51706
1352999831 51706
1353650661 51695
1354263210 52295
1354263704 52289
1354263857 52267
1354263962 52264
1354265587 51993
1354307815 51987
1354308157 51981
1354311320 52020
1354315044 52015
1354315525 52017
1354316723 52014
1354316997 52024
1354317529 51983
1354317793 51964
1354318033 51962
1354318436 51963
1354318475 51963
1354318576 51967
1354318711 51967
1354318844 51967
1354318987 51967
1354321120 51755
1354321770 43090
1354321884 51460
1354322568 51439
1354322611 51439
1354326200 51439
1354343450 51392
1354398427 51506
1354400728 51424
1354416663 51424
1354681821 51702
1354734310 51627
1354734542 51627
1355017242 52208
1355035539 52208
1355119691 52208
1355120020 52234
1355767893 52234
1355968160 52217
1355971435 52802
1356040974 50794
1356041289 50605
1356041500 50605
1356065540 50753
1356065563 50548
1356065760 50551
1356068685 50549
1356079828 50385
1358029009 49463
1358029878 49428
1358041917 49501
1358042070 49490
1358045526 49372
1358046168 49364
1358046178 49361
1358048691 49348
1358048807 49345
1358050093 49347
1358050242 49342
1358078656 49351
1358078734 49309
1358080012 49886
1358080071 49876
1358229955 43972
1358273652 45261
1358289000 45377
1358289244 45379
1358301314 46954
1358362159 46952
1358362353 46932
1358362620 46949
1358363034 47001
1358365114 47156
1358365516 47141
1358365700 47317
1358366565 47320
1358367634 47918
1358368244 48573
1358369051 48648
1358369071 48794
1358370135 48829
1358370269 48974
1358370320 49029
1358370375 49054
1358370428 49208
1358370461 50152
1358370507 50058
1358370705 50093
1358371232 50115
1358374233 50152
1358376505 50174
1358377677 50187
1358377877 50188
1358378164 50233
1358378395 50198
1358379341 50218
1358381681 50286
1358382029 50293
1358408006 50316
1358410384 50333
1358410392 49889
1358410800 49880
1358411005 49882
1358411058 49884
1358411266 49838
1358412151 49880
1358412238 49521
1358412619 49434
1358413114 49441
1358448550 49367
1358450419 49373
1358451286 49386
1358452537 49218
1358452937 49188
1358453617 49188
1358460003 49194
1358461361 49195
1358461540 49189
1358462992 49209
1358463649 49221
1358465796 49182
1358466043 49190
1358466172 49191
1358466203 49189
1358467861 49189
1358469330 49189
1358470955 49103
1358481082 49140
1358482391 49126
1358482564 49127
1358482683 49130
1358483013 54601
1358483177 54620
1358483285 54619
1358483419 54629
1358483440 54629
1358483527 54629
1358483759 54638
1358483978 54634
1358485523 54634
1358501635 54646
1358501851 54652
1358502736 54664
1358616848 54668
1358617129 54682
1358617196 54682
1358617226 54680
1358644000 54548
1358650421 54638
1359683851 54647
1359684011 54620
1359684416 54623
1359684427 54624
1359684589 54624
1359684705 54624
1359685367 54650
1359685544 54650
1359686052 54683
1359743448 54683
1359743528 54694
1359743665 54694
1359764498 54688
1359784159 54721
1359788169 54743
1359838998 54733
1359853289 54867
1359855086 54898
1359858652 54900
1359859813 54900
1359860939 54967
1359861375 54937
1360005085 54935
1360005129 55284
1360005152 53055
1360052540 50954
1360053003 50959
1360054194 50833
1360054279 50831
1360054488 50813
1360054762 50819
1360054883 50821
1360055263 50799
1360055501 50747
1360055559 50739
1360122824 46076
1360123142 50780
1360125549 50780
1360127086 50890
1360127124 50890
1360127250 50900
1360132141 50902
1360132974 51117
1360133220 51117
1360145260 51329
1360292448 51357
1360293716 51398
1360294272 51393
1360294350 51391
1360294446 51397
1360294463 51262
1360294726 51262
1360304333 51300
1360311224 51167
1360340650 51164
1360341149 51164
1360346164 51166
1360647524 50884
1360783680 50884
1360914167 34141
1360914290 34141
1360914509 34141
1360914695 34141
1360914904 34141
1360959447 34141
1360959746 34049
1360975876 34049
1360977701 34054
1360978025 34055
1361002757 34061
1361002820 34061
1361006535 34034
1361006803 34034
1361007512 34034
1361007549 33053
1361007803 32890
1361011635 32974
1361011668 32970
1361011752 32971
1361136908 32972
1361136914 33189
1361137351 33189
1361138087 33191
1361153429 33191
1361154835 33185
1361155590 33185
1361155609 33185
1361155664 33185
1361155680 33185
1361156320 33192
1361156678 33193
1361157150 33193
1361157309 33193
1361161109 33199
1361161411 33198
1361161581 33188
1361161604 33187
1361163980 33187
1361168449 33373
1361179628 33365
1361179715 33403
1361240786 33403
1361318958 33401
1361698159 33458
1361867879 33169
1361868144 33367
1361868255 33346
1361868561 31613
1361868966 31613
1362108759 31612
1362108842 31595
1362109371 31596
1362109609 31599
1362115142 31611
1362120452 31618
1362122425 31650
1362122585 31650
1362123414 31666
1362125081 31648
1362125890 31665
1362127808 31665
1362170241 31716
1362170256 31706
1362175884 31712
1362363571 31720
1362368447 31593
1362382269 31514
1362382876 31522
1362939847 31519
1363292759 31519
1363292983 31520
1363293288 31525
1363310588 31525
1363312426 31525
1363312483 31525
1363313154 31516
1363313207 31516
1363313289 31516
1363313946 31523
1363319693 31523
1363319723 31523
1363322731 31522
1363325153 31523
1363325660 31522
1363327283 31578
1363407839 31578
1363409836 31593
1363414870 31764
1363460820 31768
1363460966 31767
1363462447 31829
1363464211 31831
1363470561 31831
1363471183 31832
1363471402 31832
1363473063 31874
1363475852 31882
1363478780 31908
1363479545 31901
1363544104 31899
1363545187 31901
1363545267 31866
1363545921 31866
1363546620 31890
1363547458 31914
1363566362 31926
1364326080 31926
1364326263 31924
1364343137 31928
1364343459 31864
1364367257 31876
1364424131 31882
1364424857 31882
1364452425 31953
1364455281 31900
1364458094 31457
1364458327 31446
1364459682 31459
1364465160 31415
1364516381 31408
1364516417 31407
1364579100 31408
1364589810 31414
1364589817 31414
1364591051 31419
1364592063 31427
1364621905 31427
1364622042 31435
1364625167 31435
1364625188 31402
1364625463 31402
1364625475 31402
1364627498 31390
1364627945 31399
1364628470 31396
1364630810 31423
1364630970 31423
1364633739 31424
1364670748 31424
1364673256 31423
1364674196 31472
1364674275 31472
1364674323 31472
1364674444 31476
1364674594 31477
1364674665 31477
1364674998 31592
1364678118 31812
1364678190 31819
1364684870 32243
1364687809 32177
1364688011 32182
1364688043 32182
1364694086 32231
1364709215 32230
1364709271 32231
1364754271 32232
1364754373 32229
1364756280 32229
1364756288 32256
1364756305 32260
1364756404 32260
1364757376 32262
1364761254 32256
1364775430 32256
1364775445 32256
1364775487 32256
1364775552 32256
1364775587 32256
1364775616 32256
1364775732 32256
1364775846 32256
1364775927 32259
1364775952 32259
1364776042 32259
1364776145 32259
1364776365 32259
1364776435 32255
1364776583 32255
1364776648 32251
1364777791 32250
1364780389 32249
1364780407 32248
1364783200 32277
1364783307 32256
1364784905 32256
1364793772 32283
1364795881 32293
1364799771 32369
1364800307 32727
1364801698 32738
1364839856 32738
1364840051 32738
1364843389 32738
1364843453 32738
1364846148 32797
1364847279 32807
1364847451 32778
1364847951 32782
1364917465 32782
1364939325 32783
1364939382 32795
1364944624 32807
1364944962 32807
1364950973 32808
1364956843 32907
1365187349 32907
1365187632 32907
1365360257 32907
1365360593 32912
1365400696 32912
1365400888 32911
1365441375 32911
1365527797 32913
1365528050 32914
1365529417 32877
1365572610 32877
1365659501 32876
1365734746 32876
1365735257 32876
1365736373 32880
1365736580 32883
1365736702 32881
1365824621 32882
1365824710 32884
1365825379 32887
1365882377 32891
1365883994 32897
1365914721 32898
1365915017 32900
1365916234 32904
1365918524 32904
1365918561 32904
1365920259 32902
1365922491 32904
1365957371 33013
1365969242 33016
1365969296 33014
1365969381 33014
1365969653 33015
1365969660 33014
1365993932 33014
1365996790 33026
1366010200 32926
1366314391 32919
1366484563 32948
1366484948 32944
1366485095 32944
1366485185 32944
1366485807 32944
1366486116 32944
1366486152 32944
1366486389 32966
1366497136 32963
1366497371 32958
1366498027 32977
1366498484 32987
1366581044 33009
1366593949 33009
1366594146 33019
1366598136 33019
1366696713 33033
1366696871 33036
1366696977 33038
1366697064 33038
1366732703 33038
1366926701 33065
1366998284 33075
1367043184 33073
1367081267 33089
1367088945 33096
1367112519 33018
1367184468 33030
1367184478 33022
1367199740 33022
1367199894 33027
1367214356 33027
1367214370 33027
1367346731 33027
1367352190 33023
1367373990 33023
1367374048 33026
1367374368 33028
1367374841 33028
1367375752 33036
1367376902 33036
1367559883 33039
1367560352 33042
1367560710 33028
1367561109 33033
1367561623 33081
1367603606 33036
1367607360 33040
1367615483 33040
1367615586 33063
1367617569 33063
1367618217 33064
1367618227 33058
1367618729 33058
1367619484 33059
1367620150 33065
1367620172 33065
1367622986 33121
1367698280 33127
1367698291 33131
1367704859 33131
1367948021 33132
1367948029 33132
1367975012 33132
1367982117 33132
1367984917 33098
1367989015 33089
1367995431 33089
1368038863 33088
1368727590 55924
1368727726 62224
1368728418 62210
1368733806 62134
1368737172 40283
1368749895 40239
1368749963 40239
1368751490 40157
1368753334 40169
1368753702 40169
1368754193 40169
1368754620 40169
1368754689 40160
1368755172 40103
1368755179 35856
1368756838 35858
1368760061 35873
1368760068 35870
1368760662 35870
1368760683 35862
1368761390 35862
1368761557 35864
1368762839 35885
1368762846 35885
1368762854 35895
1368763409 35885
1368767491 35906
1369026370 35919
1369026768 35919
1369034741 35937
1369035188 35929
1369071901 35929
1369172592 35929
1369191385 35917
1369284515 36785
1369284625 36760
1369284714 36760
1369289859 36760
1369290868 36764
1369291512 36761
1369368362 36742
1369370072 36724
1369455487 36724
1369512975 36739
1369707797 36848
1370199448 36846
1370199510 36859
1370205525 36924
1370207330 36931
1370209242 36931
1370211773 36940
1370211919 36942
1370211970 36942
1370212422 36942
1370213488 36942
1370213495 36942
1370285755 36942
1370285918 36942
1370321332 36942
1370321495 36959
1370321871 36959
1370321938 36959
1370408159 36959
1370725456 37030
1370725589 37031
1370846623 37129
1370846654 37117
1370846714 37117
1370846723 37141
1370907449 37141
1371081562 37142
1371081580 37142
1371155951 37142
1371156040 37142
1371156064 37142
1371156083 37142
1371321479 37148
1371321973 37148
1371405390 37145
1371440311 37145
1371440351 37163
1371440720 37163
1371440907 37156
1371501350 37156
1371502023 37149
1371502162 37149
1371503984 37149
1371527762 37171
1371530071 37171
1371530158 37171
1371579403 37171
1371591613 37171
1371598562 37171
1371608202 37297
1371690167 37297
1371693744 37297
1371694418 37603
1371699063 37513
1371747438 37513
1371747501 37513
1371767809 37515
1371767898 37515
1371768248 37516
1371769238 37517
1371769319 37513
1371770859 37514
1371771725 37485
1371772930 37497
1371773709 37509
1371794111 37509
1371831114 37505
1371841007 37507
1371860504 37509
1371938869 37510
1371952580 37511
1371952615 37512
1372008290 37510
1372025150 37550
1372025158 37583
1372025742 37583
1372025785 37578
1372048016 37578
1372178276 37580
1372191974 37580
1372192114 37556
1372192341 37560
1372192549 37570
1372197437 37569
1372197461 37567
1372205392 37552
1372205434 37552
1372205459 37552
1372205480 37552
1372205491 37552
1372270783 37552
1372270814 37552
1372272124 37552
1372384055 37556
1372385962 37556
1372385997 37569
1372386235 36706
1372386464 36694
1372386806 36692
1372386969 36038
1372386995 36038
1372387016 36046
1372388070 36044
1372389344 36046
1372389479 36047
1372389496 36065
1372391369 35861
1372391400 35913
1372397793 35951
1372400764 35951
1372403299 35954
1372403350 35967
1372436686 29209
1372436702 29209
1372725127 29184
1372725134 29182
1372727819 29186
1372728079 29190
1372732946 29183
1372733369 29197
1372733389 29193
1372734376 29307
1372735124 29308
1373051472 29299
1373051604 29317
1373051700 29327
1373052065 29329
1373052093 29339
1373052166 29329
1373052280 29322
1373052474 29217
1373246717 29207
1373246748 29211
1373246786 29220
1373246814 29208
1373246863 29205
1373291679 29204
1373291716 29218
1373291750 29228
1373291795 29231
1373291817 29239
1373291857 29235
1373398867 29226
1373398995 29224
1373914801 29224
1373914810 29253
1373999208 29251
1374000544 29249
1374006962 29249
1374106847 28889
1374106871 28889
1374114523 28894
1374114801 28899
1374114829 29014
1374118181 29023
1374118209 29023
1374120530 29024
1374120633 29024
1374120842 29038
1374121059 29038
1374121838 29038
1374122128 29038
1374122332 29038
1374127293 29058
1374127335 27359
1374128150 27359
1374129214 27360
1374129244 27363
1374129271 27423
1374129665 27423
1374130449 27428
1374130558 27428
1374130580 27427
1374130587 27428
1374130598 27429
1374131422 27468
1374132215 27469
1374133428 27498
1374133682 27500
1374133815 27479
1374133857 27458
1374134136 27472
1374134196 27473
1374134694 27474
1374135908 27476
1374135928 27493
1374137191 27492
1374138341 27492
1374139153 27496
1374139418 27496
1374177953 27499
1374183818 27499
1374186518 27498
1374187001 27515
1374196610 27580
1374197600 27591
1374202412 27607
1374202433 27606
1374206854 27606
1374251660 27610
1374258561 27623
1374259475 27626
1374268096 27632
1374277778 27650
1374278979 27656
1374279472 27657
1374280563 27661
1374280576 27664
1374302597 27659
1374303788 27707
1374304024 27707
1374304251 27710
1374304262 27710
1374373916 27694
1374373941 27693
1374376313 27695
1374379103 27698
1374379743 27696
1374421945 27695
1374448075 27695
1374529476 27695
1374599914 27695
1374599944 27695
1374601710 27566
1374614579 27566
1374614597 27566
1374625382 27566
1374625940 27566
1374630248 27572
1374630840 27572
1374630960 27578
1374637992 27578
1374638012 27578
1374645494 27578
1374645573 27606
1374648623 27702
1374648678 27787
1374673401 27827
1374708514 27827
1374708677 27826
1374709333 27825
1374709967 27842
1374710014 27842
1374771453 27844
1374771460 27875
1374771469 27875
1374771508 27875
1374771702 27891
1374772290 27983
1374772371 27983
1374774659 27987
1374778512 27981
1374784971 27981
1374807364 27985
1374809471 27885
1374813206 27885
1374813242 27885
1374814159 27887
1374820213 27920
1374820229 27952
1374821614 27954
1374821841 27954
1374821857 28014
1374823340 28015
1374823368 27999
1374828223 28004
1374828233 28093
1374828390 28093
1374855479 28093
1374859841 28089
1374859880 28089
1374860120 28089
1374860686 28209
1374862107 28210
1374862269 28210
1374862668 28228
1374871855 28228
1374871887 28228
1374872298 28229
1374872396 28229
1374872952 28229
1374872985 28229
1374873348 28229
1374874284 28227
1374876525 28222
1374876783 28218
1374876821 28218
1374878090 28218
1374878476 28174
1374879085 28206
1374879684 28206
1374879694 28202
1374882729 28262
1374882780 28262
1374889628 28262
1374891945 28279
1374896079 28307
1374896099 28296
1374896675 28302
1374897051 28363
1374897674 28355
1374897710 28356
1374901771 28368
1374902691 28372
1374902711 28467
1374903074 28467
1374905043 28468
1374905052 28470
1374906242 28470
1374906500 28470
1374909492 28475
1374910103 28474
1374910526 28466
1374911228 28466
1374912419 28466
1374949472 28466
1374949517 28466
1374949588 28466
1374962189 28463
1374968265 28463
1374968462 28463
1374969064 28454
1374976591 28537
1374976612 28537
1374979085 28531
1374979833 28503
1374993911 28508
1374994389 28508
1374995004 28508
1374995335 28508
1375029430 28506
1375029776 28506
1375074049 28517
1375074055 28516
1375075276 28538
1375075287 28542
1375116170 28543
1375126134 28544
1375126162 28549
1375134835 28552
1375142580 28554
1375142620 28554
1375142884 28571
1375143682 28576
1375143691 28576
1375143788 28576
1375144236 28586
1375161097 28586
1375202401 28586
1375212939 28586
1375216317 28586
1375216436 28578
1375216884 28578
1375218420 28578
1375218891 28575
1375222478 28575
1375259598 28575
1375289067 28576
1375289313 28576
1375291663 28607
1375291672 28607
1375315506 28611
1376638606 35865
1376639652 35873
1376639659 35866
1376774200 35944
1376774518 35943
1376774688 35943
1376804347 35893
1376804595 35897
1376804699 35889
1376805060 35889
1376806035 35893
1376808807 35970
1376877762 38749
1376877870 38751
1376877948 38751
1376882145 38751
1376884972 38751
1376885086 38751
1376885707 38770
1376887385 38952
1376887438 38952
1376887745 38949
1376888363 38956
1376888691 38949
1376889556 38949
1376889596 38957
1376891009 39000
1376891229 39007
1376892456 39010
1376892537 39010
1376892549 39010
1376894196 39000
1376895069 38989
1376895084 38940
1376895142 38940
1376895258 38940
1376895282 38940
1376895511 38903
1376895808 38898
1376895815 38898
1376895903 38898
1376895986 38898
1376896547 39026
1376896611 39042
1376897498 39038
1376897607 39036
1376897656 39140
1376897671 39146
1376897799 39146
1376897805 39151
1376897900 39157
1376897940 39157
1376898063 39189
1376898132 39189
1376898159 39190
1376898202 39190
1376898320 39191
1376898893 39197
1376898964 39204
1376899109 39208
1376927209 39211
1376927485 39211
1376927680 39223
1376927768 39223
1376927939 39220
1376927952 39216
1376928619 39216
1376928754 39216
1376929069 39219
1376929876 39222
1376930216 39222
1376931256 39222
1376934225 39222
1376934238 39222
1376943392 39236
1376943399 39252
1376943436 39252
1376944065 39252
1376945398 39253
1376945909 39251
1376947012 39249
1376950345 39249
1377120627 39242
1377123175 39274
1377238725 39277
1377238789 39289
1377239126 39289
1377279397 39332
1377279853 39348
1377280056 39348
1377290788 39350
1377290800 39357
1377319546 39357
1377319558 39418
1377320454 39437
1377322731 39444
1377322766 39473
1377323441 39477
1377323499 39477
1377324853 39481
1377324997 39483
1377325145 39484
1377325926 39485
1377325996 39485
1377326351 39461
1377326412 39465
1377327518 39461
1377327551 39461
1377328449 39479
1377369984 39495
1377372585 39503
1377372646 39504
1377377943 39508
1377380424 39534
1377380436 39534
1377380878 39534
1377404618 39534
1377416163 39538
1377468086 39538
1377491791 39539
1377535323 39532
1377563872 39592
1377564476 39592
1377564512 39594
1377565095 39623
1377566371 39619
1377615926 39637
1377615954 39640
1377616791 39641
1377617020 39641
1377617657 39676
1377618828 39676
1377619806 39696
1377620469 39697
1377932657 39614
1378016031 39614
1378023227 39622
1378023339 39622
1378023534 39622
1378023595 39621
1378023687 39626
1378024040 39635
1378024461 39632
1378026040 39644
1378026199 39649
1378026314 39652
1378026393 39652
1378027258 39683
1378065359 39691
1378071155 39685
1378071491 39690
1378071604 39690
1378071831 39680
1378072702 39721
1378073389 39748
1378073435 39748
1378093943 39748
1378176779 39760
1378176800 39760
1378178447 39765
1378194599 39787
1378194929 39791
1378195457 39786
1378218646 39790
1378218660 39790
1378247616 39790
1378247748 39789
1378248543 39789
1378248644 39789
1378248748 39789
1378251373 39789
1378251962 39789
1378255595 39785
1378259022 39787
1378264287 39789
1378264665 39794
1378310932 39794
1378310962 39794
1378321687 39805
1378322174 39806
1378322206 39806
1378328192 39853
1378341985 39853
1378341999 39853
1378342681 39857
1378345965 39862
1378351998 39862
1378355284 39862
1378365064 39890
1378401906 39890
1378410858 39907
1378419056 39943
1378483414 39943
1378483886 39937
1378484539 39942
1378484554 39969
1378484629 39985
1378485096 39985
1378486238 40001
1378486639 39984
1378486645 39984
1378652651 39990
1378652659 39990
1379324306 40024
1382334945 41742
1382334989 41743
1382335939 41741
1382336868 41741
1382336963 41741
1382345621 41741
1382371118 41741
1382464405 41741
1382474741 41741
1382595917 41744
1382596877 41745
1382641269 41745
1382667608 41745
1382668968 41744
1382669322 41744
1382669408 41744
1382669804 41744
1382726094 41744
1382736103 41744
1382775473 41748
1382784060 41754
1382787830 41750
1382793127 41748
1382793214 41758
1382793753 41758
1382859937 41764
1382932223 41764
1382977013 41764
1383017800 41769
1383018699 41784
1383020388 41776
1383022140 41777
1383022205 41777
1383022508 41777
1383067771 41777
1383075702 41777
1383098169 54726
1383143304 41772
1383143526 41772
1383145232 41772
1383152636 41772
1383251812 41772
1383330990 41772
1383349088 41772
1383351334 41772
1383355785 41772
1383395250 41770
1383395671 41770
1383429976 41771
1383448268 41767
1383584077 41767
1383590470 41767
1383593072 41787
1383697253 41786
1383698114 41797
1383698274 41798
1383699355 41798
1383699498 41798
1383723408 41803
1383762639 41803
1383771448 41803
1383771735 41803
1383771788 41842
1383772175 41842
1383772251 41842
1383772600 41842
1383791555 41846
1383791907 41850
1383894217 41851
1384849233 41806
1385958429 41851
1385958434 41851
1385958450 41883
1385959723 41883
1385961521 41884
1386068877 41886
1386096255 41883
1386097591 41894
1386098053 41894
1386098937 41892
1386106307 41892
1386107696 41893
1386220989 41950
1386225176 41955
1386225265 42288
1386226332 42287
1386226443 42287
1386259750 42288
1386291003 42288
1386291195 42298
1386326541 42307
1386351759 42298
1386351855 42299
1386358039 42306
1386358398 42306
1386364860 42316
1386366358 42315
1386376989 42315
1386496784 42313
1386496837 43296
1386497664 43296
1386497683 43296
1386497776 43300
1386499935 43301
1386528444 43299
1386538769 43299
1386551824 43299
1386551871 43299
1386551985 43299
1386552097 43299
1386553826 43317
1386559146 43325
1386575703 43326
1386617410 42248
1386632276 42248
1386634826 42248
1386641778 42251
1386690432 42254
1387148858 43155
1387149892 43160
1387150066 43171
1387156509 43318
1387156975 43341
1387174185 43345
1387174205 43369
1387388557 43370
1387388565 43399
1387388884 43399
1387388945 43417
1387395930 43417
1387400258 43436
1387400503 43437
1387405295 43437
1387406945 43440
1387407170 43440
1387407264 43262
1387407368 43262
1387408096 43262
1387408118 43261
1387408350 43261
1387408371 43261
1387408430 43261
1387409167 43256
1387409177 43256
1387409288 42992
1387409724 42992
1387409866 42996
1387410659 42992
1387414601 42996
1387416752 43103
1387416880 43103
1387422258 43104
1387430041 43104
1387431679 43105
1387438743 43102
1387441804 43102
1387444990 43102
1387479396 43102
1387480351 43102
1387481997 43102
1387490719 43102
1387490761 43098
1387494223 42535
1387509016 42535
1387510102 42535
1387510808 42546
1387561067 54769
1387566519 42546
1387567084 42546
1387571389 42558
1387647378 42569
1387647411 42569
1387774853 42569
1387774860 42569
1387775108 42567
1387775925 42567
1387777631 42818
1387778821 42822
1387780273 42822
1387780288 42831
1387780355 42831
1387782935 42846
1387833951 42856
1387833961 42852
1387840585 42852
1387853610 42861
1387859301 42866
1387865323 42866
1387868259 42870
1387917126 42892
1387917324 42894
1387917624 42896
1387918255 42917
1387919262 42935
1387921389 42935
1387921427 42935
1387931391 42980
1387931873 43020
1387933234 43020
1387933255 43020
1388030608 43030
1388030689 43040
1388032385 43040
1388083958 43040
1388084303 43040
1388089954 43045
1388091263 43045
1388092573 43045
1388093302 43045
1388094267 43049
1388108819 43049
1388109041 43049
1388109211 43049
1388110689 43050
1388110733 43050
1388111129 43052
1388111263 43052
1388111416 43055
1388115618 43059
1388115641 43068
1388118387 43076
1388118824 43076
1388176802 43076
1388191285 43076
1388285196 43080
1388285252 43080
1388293185 43084
1388368439 43096
1388368480 43097
1388369083 43107
1388372242 43110
1388372492 43110
1388373795 43111
1388373924 43110
1388374831 43113
1388377784 43113
1388378736 43113
1388380436 43112
1388380529 43112
1388388417 43112
1388523475 43112
1388526212 43357
1388527055 43357
1388540836 43356
1388542901 43366
1388598350 43366
1388606548 43366
1388688763 43366
1388775854 43366
1388780060 43367
1388780498 43365
1388780985 43365
1388794760 43365
1388866838 43365
1388892712 43365
1388900605 43365
1388937715 43365
1388937940 43365
1388940736 43365
1388951220 43365
1388956789 43385
1388957175 43385
1388966253 43387
1388974015 43387
1388981777 43386
1388983957 43389
1388984071 43389
1388991241 43389
1388992871 43401
1388994257 43405
1388994315 43405
1389028484 43414
1389053124 43414
1389054469 43414
1389054616 43414
1389081317 43414
1389083274 43414
1389083487 43426
1389129885 43438
1389132165 43438
1389143320 43438
1389148717 43446
1389149835 43448
1389150329 43448
1389150631 43448
1389152089 43448
1389153909 43448
1389171171 43448
1389198018 43448
1389207663 43460
1389234992 44217
1389235148 44217
1389235185 44217
1389235540 44217
1389244537 44217
1389290167 44217
1389290370 44215
1389294462 44215
1389294673 44215
1389297296 44215
1389303910 44215
1389306507 44215
1389319606 44215
1389319634 44225
1389331311 44226
1389393265 44226
1389393683 44228
1389396784 44228
1389408471 44228
1389409004 44233
1389409021 44233
1389409451 44234
1389480484 44279
1389480527 44279
1389480543 44270
1389489308 44270
1389565262 44415
1389565965 44418
1389566310 44585
1389566783 44422
1389567201 44423
1389604008 44427
1389609475 44425
1389664217 44427
1389668989 44427
1389670103 44463
1389672114 44583
1393064278 52953
1394174425 52681
1394176693 52694
1394176719 52698
1394176756 52704
1394179846 53060
1394180632 52975
1394180798 52975
1394180909 52976
1394182228 52976
1394183416 53060
1394183733 53060
1394184476 53060
1394184661 53084
1394191559 53084
1394210588 53084
1394210829 53086
1394211583 53088
1394219285 53082
1394230368 53082
1394230415 53082
1394232115 53082
1394232761 53086
1394256006 53099
1394320116 53099
1394321418 53099
1394321544 53123
1394321767 53122
1394323884 53122
1394327508 53122
1394329258 53122
1394336297 53122
1394338204 53126
1394340796 53133
1394341523 53133
1394393969 53169
1394398255 53169
1394399838 53175
1394401192 53175
1394401792 53180
1394403566 53188
1394404356 53187
1394406226 53191
1394406576 53191
1394406664 53192
1394406953 53192
1394406962 53192
1394406990 53192
1394409360 53258
1394410359 53284
1394410972 53290
1394423132 53320
1394425551 53378
1394426148 53378
1394429893 53378
1394432715 53378
1394434651 53728
1394434709 53728
1394435198 53728
1394446136 53729
1394463496 53729
1394491619 53729
1394494916 53731
1394494981 53635
1394495037 53634
1394495513 53634
1394557330 53634
1394560209 53612
1394644262 53612
1394644359 53612
1394644465 53612
1394644687 53612
1394657411 53613
1394665099 53613
1394670074 53612
1394772245 53649
1394772304 53649
1394772601 53649
1394817396 53648
1394919596 53648
1395009745 53649
1395010468 53650
1395021833 53355
1395021977 53425
1395023528 53425
1395027492 53424
1395027630 53422
1395027960 53422
1395036044 53444
1395046172 53444
1395046400 53444
1395050677 53444
1395051123 53444
1395051327 53444
1395051992 53445
1395052422 53444
1395052777 53451
1395067018 53498
1395068283 53447
1395083098 54415
1395133590 53447
1395183309 53477
1395290792 53477
1395303361 53498
1395303773 53498
1395346792 53498
1395349562 53498
1395555000 53498
1395555218 53498
1395596965 53780
1395597042 53781
1395600088 53710
1395646120 53710
1395646244 53781
1395694875 53782
1395713285 53806
1395713297 53801
1395713370 53801
1395713609 53801
1395714401 53804
1395714927 53832
1395715280 53832
1395715360 53861
1395715701 53861
1395716275 53862
1395716506 53872
1395716576 53875
1395716874 53878
1395720967 53878
1395728951 54402
1395730644 54328
1395768363 54327
1395813647 54349
1395862936 54372
1395896983 54370
1395919335 54370
1395942325 54365
1395949679 54366
1395951981 54366
1395957566 54368
1395983890 54370
1396007299 54369
1396008202 54369
1396029661 54384
1396032124 54402
1396033027 54405
1396225079 54415
1396225573 54415
1396227606 54415
1396255755 54417
1396321687 54417
1396325558 54421
1396329999 54421
1396330007 54421
1396381792 54422
1396382594 54428
1396445000 54428
1396507735 54428
1396511310 54423
1396511600 54418
1396550055 54433
1396551215 54433
1396551352 54434
1396557154 54438
1396559269 54480
1396561531 54488
1396561857 54521
1396569487 54526
1396573389 54526
1396573996 54526
1396600125 54526
1396632322 54526
1396743704 54531
1396840616 54531
1396841854 54540
1396842562 54558
1396936777 54558
1396969515 54558
1397016823 54726
1397026757 54726
1397027255 54725
1397070447 54726
1397584911 54726
1397617546 54731
1397623125 54739
1397721382 54747
1397722134 54742
1397784554 54745
1397786926 54750
1397872385 54750
1397872591 54764
1397954259 54764
1397954526 54764
1397954756 54764
1397958189 54764
1397958803 54764
1398021085 54765
1398021137 54765
1398023293 54765
1398033317 54772
1398035953 54777
1398036803 54777
1398096683 54777
1398096763 54777
1398110896 54777
1398262482 54777
1398286900 54777
1398289462 54781
1398390083 54785
1398390630 54857
1398391161 54859
1398392169 54867
1398442990 54867
1398447810 54867
1398479738 54900
1398562885 54910
1398656735 54914
1398662954 54987
1398834021 54999
1398903997 54999
1398905023 55126
1398911591 55126
1398911747 55156
1398911815 55157
1398912502 55187
1398914190 55206
1398969948 55206
1398975963 55206
1398976664 55206
1399009266 55206
1399011466 55232
1399160582 55206
1399168228 55200
1399183005 55200
1399185618 55200
1399187999 55200
1399188838 55200
1399194543 55204
1399195207 55206
1399242105 55211
1399316884 55211
1399317194 55211
1399318618 55211
1399355270 55212
1399355705 55232
1399401286 55232
1399495068 55232
1399498533 55232
1399501688 55237
1399501827 55244
1399523422 55249
1399531061 55251
1399570393 55244
1399592103 55245
1399594836 55237
1399676576 55237
1399702366 55237
1399702963 55237
1399740072 55237
1399750861 55237
1399753878 55235
1399949273 47700
1399949284 47737
1399949592 47738
1399949758 47705
1399949789 47043
1399950879 47043
1399951414 47047
1399951561 47050
1399953441 47050
1399954527 47050
1399954662 47050
1399954673 47072
1399954741 47094
1399955294 47094
1399956613 47094
1399957289 47094
1399959203 47094
1399964763 47087
1399972105 47087
1399979991 47087
1399990450 47087
1400020507 47087
1400110900 47087
1400112533 47088
1400144299 47096
1400275831 47105
1400365747 47105
1400392529 47105
1400459174 47119
1400485330 47119
1400485626 47119
1400501260 47116
1400740626 47118
1400745328 47118
1400809341 47127
1400814872 47127
1400817430 47158
1400818333 47174
1400819664 47176
1400819678 47175
1400819977 47175
1400819987 47173
1400820536 47175
1400860125 47192
1400874749 47192
1400878209 47192
1400879475 47246
1400880799 47268
1400880965 47302
1400884025 63439
1400885353 47303
1401253712 48379
1401299331 48378
1401299411 48378
1401321156 47303
1401322918 47303
1401807726 62962
1401850116 47308
1402261064 47498
1402261686 47500
1402268708 48370
1402269489 48370
1402270697 48370
1402271594 48369
1402271645 48369
1402293736 48367
1402294146 48366
1402301604 48378
1402358559 48378
1402358701 48379
1402360009 48379
1402360330 48379
1402375555 48379
1402376205 48384
1402377891 48384
1402377900 48380
1402377924 48376
1402380840 48376
1402382201 48478
1402385063 48478
1402385152 48478
1402385180 48478
1402419731 48478
1402426340 48472
1402446255 48519
1402449086 48569
1402449149 48569
1402453263 48572
1402456642 48575
1402458658 48580
1402460044 48580
1402460434 48585
1402460684 48585
1402462071 48584
1402462654 48594
1402465167 48599
1402465308 48599
1402465645 48609
1402465763 48613
1402465877 48637
1402466198 48655
1402466301 48664
1402466785 48664
1402466910 48664
1402466965 48671
1402467309 48677
1402469472 48677
1402503488 48678
1402504027 48684
1402506575 48740
1402512523 48684
1402525179 48694
1402535630 48704
1402545118 48704
1402551202 48704
1402551844 48703
1402596664 48728
1402684660 48728
1402686433 48728
1402853595 48731
1403035074 48740
1403042477 48741
1403053027 48741
1403054594 48766
1403056095 48767
1403056153 48767
1403056769 48767
1403057192 48767
1403057368 48767
1403073322 48767
1403086592 48767
1403129535 48767
1403131557 48767
1403131598 48767
1403138049 48770
1403140931 48770
1403144066 48776
1403144282 48776
1403146184 48777
1403146253 48779
1403154975 48780
1403155405 48817
1403155432 48819
1403155496 48824
1403155632 48824
1403159537 48837
1403160616 48837
1403168371 48665
1403168543 48665
1403169530 48665
1403171872 48659
1403171914 48659
1403184932 48659
1403204321 52213
1403207157 52217
1403214712 52501
1403216664 52574
1403216750 52574
1403219058 52574
1403226896 52592
1403226942 52587
1403228021 52584
1403232865 52584
1403295854 52595
1403485459 52595
1403485468 52603
1403545125 52599
1403545148 52599
1403545305 52599
1403740596 52599
1403740642 52536
1403744689 52536
1403760542 52536
1403762620 52531
1403776161 52550
1403776175 52514
1403799204 52514
1403800608 52514
1403805067 52514
1403805132 52515
1403807921 52515
1403808405 52510
1403809957 52510
1403810705 52515
1403812875 52515
1403819264 52516
1403843722 52627
1403997786 52633
1404016984 52641
1404020380 52641
1404097089 52641
1404141057 52641
1404142517 52585
1404153577 52587
1404164951 52587
1404188654 52587
1404227700 52592
1404277119 62087
1404366896 52605
1404366901 61409
1404368063 61431
1404369337 61431
1404369896 61431
1404374132 61431
1404374257 61431
1404406656 61428
1404409962 61428
1404410870 61428
1404434502 61434
1404574730 61435
1404611507 61435
1404615435 61435
1404615590 61435
1404615678 61422
1404615722 61411
1404615887 61412
1404616244 61416
1404616570 61410
1404616677 61406
1404628124 61405
1404629305 61407
1404629385 61407
1404629736 61445
1404630027 61445
1404630117 61445
1404632212 61455
1404645649 61369
1404679854 61470
1404681098 61507
1404684513 61507
1404684517 61516
1404684560 61516
1404686124 61516
1404689862 61516
1404690521 61525
1404690935 61527
1404697177 61564
1404715536 61920
1404716654 61920
1404717049 61920
1404717853 61920
1404717955 61920
1404718619 61936
1404718746 61932
1404719950 61936
1404719991 62016
1404760078 61972
1404777599 61971
1404779212 61975
1404782418 61976
1404786824 61976
1404787112 62000
1404787215 61986
1404790183 61986
1404790191 62000
1404791083 62000
1404816692 62000
1404819201 62000
1404838197 62001
1404842016 62001
1404846899 62001
1404847538 62001
1404849341 62001
1404849366 62001
1404859246 62001
1404861436 62001
1404890679 61995
1404975131 62033
1404975761 62033
1404975804 62033
1405014100 62033
1405024342 62032
1405036585 62032
1405036646 62033
1405203198 62033
1405203403 62055
1405203749 62050
1405204568 62040
1405204633 62040
1405205029 62041
1405205262 62043
1405205715 62061
1405207026 62061
1405211031 62061
1405211203 62061
1405212717 62061
1405212811 62065
1405213142 62071
1405213586 62071
1405214145 62071
1405235305 62071
1405290487 62071
1405374653 62071
1405420767 62896
1405441728 62071
1405443067 62075
1405447790 62075
1405572973 62063
1405614160 62063
1405616848 62063
1405708631 63580
1405727179 62060
1405833067 62060
1405928141 62036
1405971970 62037
1405996642 62037
1405996710 62037
1406005711 62080
1406006797 62087
1406006979 62080
1406007035 62110
1406008088 62118
1406008118 62196
1406163312 62197
1406163691 62205
1406163778 62211
1406172725 62275
1406173787 62278
1406173800 62283
1406174047 62300
1406174448 62300
1406174626 62317
1406229942 62311
1406240105 62311
1406266805 63450
1406266814 63459
1406298469 62311
1406299446 62310
1406311350 62310
1406478916 62310
1406506008 62336
1406506107 62306
1406580711 62308
1406580828 62314
1406594871 62320
1406776047 62320
1406831816 62352
1406832377 62456
1406842112 62876
1406911511 62874
1406911794 62888
1406920246 62924
1406922603 62937
1406930668 62931
1407009911 62962
1407012902 62968
1407016188 62969
1407030021 63034
1407030060 63055
1407031546 63054
1407039392 63127
1407129172 63127
1407168487 63133
1407170884 63139
1407171680 63063
1407171840 62640
1407172451 63142
1407186312 63143
1407289321 63143
1407289562 62655
1407292102 62655
1407525835 62623
1407604646 62902
1407957129 62620
1407976567 62625
1408096109 62625
1408124620 62634
1408125148 62639
1408127435 62639
1408128770 62639
1408315313 62640
1408315465 62640
1408417562 62640
1408439517 62672
1408596539 62640
1408630005 62640
1408821576 62640
1408821609 62638
1408825597 62638
1408825916 62670
1408826122 62666
1408826139 62667
1408826249 62666
1408826565 62669
1408826621 62670
1408826681 62669
1408826788 62669
1408925938 62669
1408995533 62669
1409048200 63459
1409069086 62648
1409069220 62641
1409088861 63841
1409163709 62895
1409203524 62641
1409203779 62641
1409203853 62641
1409204230 62641
1409205201 62652
1409205718 62654
1409206657 62659
1409207494 62656
1409207583 62691
1409207686 62687
1409207754 62688
1409270260 62895
1409271044 62901
1409271728 62901
1409337909 62902
1409368129 62895
1409376948 62621
1409600899 62621
1409722625 62621
1409722792 62623
1409746300 63650
1409796029 62629
1409874507 62635
1409875142 62635
1409882761 62655
1409895637 62655
1410031485 62661
1410063673 62645
1410063933 62648
1410111405 62714
1410156053 62774
1410156250 62798
1410156458 62798
1410197005 62798
1410198268 62797
1410198318 62794
1410199380 62801
1410199715 62808
1410199755 62812
1410201140 62815
1410201623 62826
1410207823 62826
1410208571 62825
1410208905 62825
1410210747 62825
1410210890 62825
1410214353 62825
1410218628 62902
1410225252 62902
1410268626 63022
1410469905 62906
1410471807 62914
1410567803 62914
1410568105 62914
1410568168 62915
1410568938 62917
1410569562 62917
1410570663 62921
1410570904 62929
1410576391 62966
1410629849 62966
1410807354 62967
1410821362 62967
1410836724 62969
1410838803 62969
1410838877 62961
1410839949 62945
1410897660 62969
1410978504 62972
1410989602 63022
1411000497 63023
1411001320 63023
1411026345 63028
1411090432 63028
1411092026 63057
1411092030 63057
1411092591 63059
1411092707 63064
1411338892 63064
1411406185 63058
1411408778 63052
1411415079 63051
1411415244 63049
1411417354 63067
1411419168 63067
1411422995 63062
1411442843 63067
1411507788 63068
1411517895 63068
1411534931 63069
1411534956 63073
1411534993 63075
1411535015 63088
1411580281 63094
1411582218 63094
1411603710 63128
1411604628 63142
1411618405 63184
1411619276 63184
1411659427 63296
1411661359 63296
1411683041 63296
1411683288 63296
1411745818 63296
1411764328 63299
1411764446 63293
1411764511 63285
1412110246 63291
1412125511 63291
1412131080 63285
1412180369 63279
1412181489 63279
1412190633 63279
1412226142 63279
1412272116 63279
1412305763 63279
1412305819 63301
1412309960 63329
1412309983 63329
1412310109 63329
1412313494 63329
1412313526 63329
1412313662 63337
1412316674 63425
1412317069 63431
1412344615 63432
1412378813 63432
1412393952 63444
1412657866 63428
1412671103 63431
1412686766 63431
1412700992 63432
1412831876 63459
1412913381 63454
1412921985 63002
1412922956 63452
1412952600 63095
1413221990 63466
1413312090 63466
1413555477 62892
1413836802 63466
1413942543 63505
1413944896 63513
1413968126 63514
1413974718 63514
1413991895 63514
1413992702 63514
1413993125 62870
1414000000 62868
1414004658 62898
1414006714 63002
1414006777 63002
1414008598 63099
1414028443 63100
1414029463 63108
1414034609 63124
1414037626 63124
1414037736 63149
1414039191 63167
1414045143 63167
1414097615 63263
1414177784 63263
1414182268 63263
1414182274 63265
1414182365 63265
1414182448 63265
1414182526 63267
1414191487 63263
1414235286 63268
1414281368 63267
1414281565 63265
1414284553 63258
1414284608 63259
1414284846 63261
1414286200 63323
1414286860 63323
1414286887 63358
1414286955 63380
1414287895 63401
1414288423 63401
1414288647 63421
1414289403 63393
1414289765 63439
1414289839 63449
1414291385 63493
1414291990 63617
1414293624 63617
1414294789 63656
1414294907 63656
1414295812 63626
1414296128 63626
1414301941 63632
1414303713 63632
1414319890 63634
1414519851 63693
1414521321 63699
1414527095 63699
1414541152 63699
1414542064 63698
1414544480 63704
1414553302 63704
1414553431 63704
1414554158 63765
1414554292 63831
1414554962 63861
1414556760 63861
1414559628 63861
1414562236 63859
1414562568 63870
1414562665 63877
1414562689 63880
1414562922 63885
1414563766 63885
1414597865 63885
1414598180 63885
1414598331 63885
1414601109 63999
1414601683 63999
1414602171 63999
1414609008 64059
1414624339 64065
1414630995 64071
1414640538 64071
1414640704 64071
1414652875 64071
1414658809 64078
1414658868 64078
1414685619 64078
1414687533 80996
1414715826 64078
1414715874 64078
1414747916 64078
1414749866 64078
1414750141 64078
1414797332 64089
1414800697 64095
1414824703 64106
1414824903 64106
1414828936 64106
1414854074 64106
1414889362 64106
1415035275 64112
1415086658 64204
1415119834 80386
1415125813 64207
1415126134 80241
1415126284 80373
1415126439 80373
1415139719 80390
1415142952 80407
1415143984 80408
1415144212 80466
1415146691 80579
1415147986 80604
1415148316 80654
1415148636 80697
1415148853 80697
1415148978 80699
1415209929 80703
1415214557 80697
1415214706 80697
1415228364 80706
1415427459 80716
1415430080 80719
1415434059 80731
1415434253 80757
1415434399 80762
1415574213 80688
1415574272 80687
1415574340 80685
1415585040 80685
1415603488 80685
1415603522 80685
1415615434 80713
1415615733 80927
1415616926 80927
1415647438 80926
1415655629 80926
1415749288 81008
1415749621 81013
1415749914 81009
1415751579 81009
1415755414 81050
1415762770 81050
1415762996 81050
1415763054 81069
1415764184 81069
1415764429 81069
1415764588 81069
1415766309 81061
1415769747 81056
1415777384 81056
1415778569 80938
1415811095 80938
1415811796 80938
1415815567 80963
1415815642 80963
1415842058 80963
1415899667 80968
1415909258 80968
1415909882 80968
1415909946 81086
1415910243 81086
1415915680 81076
1415920735 81076
1415950401 81076
1415974714 81076
1416003205 81076
1416010568 81088
1416115537 81088
1416115982 81088
1416152525 81093
1416152553 81094
1416184468 81094
1416216681 81094
1416217402 81244
1416219201 81244
1416223145 81243
1416241911 81243
1416246895 81243
1416247022 81237
1416268147 81237
1416277195 81266
1416326934 81266
1416423664 81266
1416437420 81268
1416445382 81276
1416447197 81277
1416455245 81277
1416470793 81282
1416470987 83752
1416472062 81280
1416505750 81280
1416507343 81280
1416510034 81282
1416554797 81283
1416707329 81283
1416788886 81283
1416790019 81315
1416815622 81315
1416840374 81315
1416942763 81305
1417200861 81305
1417299912 81305
1417308698 81307
1417308817 81307
1417314471 81334
1417314669 81334
1417314781 81338
1417314981 81344
1417323424 81377
1417323494 81399
1417324685 81398
1417325817 81404
1417326004 81414
1417331027 81444
1417337683 81526
1417339909 82186
1417339923 82183
1417345770 83766
1417396213 82196
1417396284 83076
1417426771 83067
1417552087 83068
1417554994 83069
1417567868 83070
1417590166 83069
1417591227 83070
1417625075 83071
1421612669 83462
1421617180 83465
1421617190 83465
1421622194 83465
1421684835 83465
1421686989 83465
1421687949 83465
1421690083 83473
1421709196 83473
1421709654 83473
1421787857 83303
1421789124 83303
1421814214 83731
1421900168 83927
1421903171 83927
1421903188 83926
1422029215 83927
1422058451 83883
1422287785 83883
1422288178 83882
1422376406 83882
1422406764 83882
1422406954 83882
1422471591 83882
1422471728 83882
1422471940 83899
1422472259 83903
1422583249 83903
1422623093 84021
1422623225 84025
1422623697 84025
1422634073 84025
1422841939 87642
1422908031 87403
1422929393 87403
1422929502 87403
1422940965 87423
1422989648 87424
1422989913 87425
1422997944 87425
1423064297 87435
1423263231 87435
1423441672 87438
1423441879 87438
1423445113 87442
1423445599 87442
1423446064 87442
1423528098 87439
1423552666 87507
1423552870 87507
1423557990 87507
1423558257 87512
1423602343 87511
1423700642 87511
1423700751 87511
1423723265 87451
1423766175 87451
1423766400 87451
1423766476 87451
1423863397 87455
1423917091 87455
1424077128 87465
1424077828 87465
1424079554 87451
1424143798 87451
1424150990 87476
1424154451 87478
1424161187 87478
1424201496 87482
1424202060 87485
