1285876085 34
1285969966 571
1286040526 1120
1286046840 1120
1286054165 1120
1286054739 1126
1286054790 1125
1286054840 9191
1286055092 9193
1286220015 9193
1286220017 9227
1286221427 9232
1286222559 9234
1286290740 9230
1286294309 9242
1286308283 9248
1286310265 9249
1286378923 9250
1286379211 9250
1286379314 9249
1286382202 9322
1286385512 9347
1286386176 9361
1286386588 9390
1286386897 9401
1286387105 9405
1286387545 9429
1286390604 9491
1286390881 9509
1286392627 9510
1286401270 10399
1286456519 10398
1286458430 10430
1286460126 10442
1286461787 10439
1286463933 10439
1286465084 10318
1286470496 9880
1286487619 9972
1286487623 17199
1286888635 17209
1286888639 17227
1286890107 17757
1286891955 17818
1286893692 17854
1286895698 17864
1286898477 17928
1286903905 17995
1286905979 18052
1286909564 18180
1286911674 18249
1286912502 18237
1286913520 18270
1286913674 18270
1286913882 18270
1286914742 18313
1286916476 18326
1286917722 18317
1286918286 18317
1286919537 18318
1286929002 11122
1286929010 11122
1286940493 11101
1286942186 11170
1286944622 11217
1286974331 11224
1286974665 11227
1286976147 11301
1286976975 11323
1286979367 11325
1286981708 11412
1286982284 11372
1286982316 11372
1286982522 11372
1286982699 11376
1286982776 11390
1286983000 11390
1286993621 11390
1286994014 11392
1287000378 11392
1287002537 11388
1287005104 11387
1287005412 11389
1287005600 11419
1287006018 11429
1287022244 11429
1287022245 11430
1287022387 11430
1287022512 11433
1287023606 11450
1287024169 11450
1287024399 11457
1287056171 11457
1287066558 11500
1287067571 11519
1287069038 11527
1287069230 11531
1287071283 11534
1287075851 11536
1287076525 11539
1287077479 11543
1287077640 11549
1287078541 11548
1287082013 12228
1287083516 12248
1287150596 12248
1287151051 12248
1287259549 12249
1287300145 12261
1287325056 12262
1287327220 12365
1287365041 12365
1287450348 12417
1287451887 12444
1287452370 12463
1287453162 12465
1287495710 12489
1287497630 12521
1287499660 12542
1287499887 12542
1287501976 12561
1287503047 12622
1287668667 12704
1288022103 12855
1288022296 12855
1288043331 13763
1288043527 13763
1288100001 13709
1288102369 13703
1288102566 13703
1288108239 13759
1288108348 13760
1288113822 13771
1288116306 13771
1288185458 13820
1288242538 13821
1288242664 13821
1288621604 13826
1288622915 13842
1288626185 13893
1288632337 13914
1288634047 13918
1288650769 13923
1288651809 13923
1288720090 13923
1288779745 13946
1288800672 13941
1288801720 13951
1288928748 13953
1288929141 13958
1289051336 13960
1289051571 13961
1289061891 13961
1289173946 13973
1289174238 13973
1289238354 14095
1289241908 14096
1289244142 14110
1289244802 14124
1289245950 14205
1289246181 14206
1289246517 14206
1289246738 14207
1289246812 14207
1289247714 14210
1289248929 14244
1289316500 14256
1289316585 14255
1289318450 14256
1289319288 14251
1289324084 14426
1289324339 14426
1289326833 14609
1289327152 14615
1289327372 14616
1289327953 14622
1289486678 14629
1289487254 14629
1289513388 14628
1289582527 14572
1289596294 14577
1289597816 14570
1289768386 14570
1289834081 14589
1289834461 14590
1289854010 14605
1289946113 14621
1289947013 14623
1290091374 14624
1290091381 14648
1290447664 14648
1290448041 14648
1290453741 14683
1290455478 14683
1290458151 14683
1290465461 14683
1290487773 14691
1290550282 14716
1290550962 14731
1290558149 14748
1290882279 14742
1291053527 14772
1291055587 14783
1291149343 14796
1291151095 14800
1291226105 14835
1291226121 15141
1291226339 15142
1291228030 15186
1291300315 15197
1291301232 15198
1291301966 15214
1291388067 15214
1291653150 15325
1291825693 15346
1291827887 15374
1291828997 15383
1291832045 15391
1291844313 15410
1291993112 15413
1291995110 15423
1291995172 15423
1291995979 15440
1292000321 15450
1292250724 15450
1292250898 15474
1292251254 15474
1292253309 15486
1292551995 15486
1292608837 15490
1292610792 15520
1292612179 15530
1292612363 15530
1292612579 15668
1292626965 15671
1292865394 15687
1292865832 15687
1292866318 15693
1292866492 15695
1292904051 15710
1292951499 15710
1292951756 15713
1293065064 15720
1293729302 17270
1293730135 17274
1293736255 17273
1294066924 17290
1294768695 17292
1294768703 17319
1295464581 17358
1295712951 17438
1295714767 17441
1296490250 19558
1296572445 17442
1296972832 17457
1297000118 17457
1297002458 17458
1297091885 17458
1297092493 17463
1297092519 17463
1297092701 17466
1297092882 17467
1297095056 17485
1297097422 19521
1297097488 19521
1297105192 19534
1297106191 19546
1297107427 19546
1297108196 19558
1297108940 19558
1297112534 19559
1297113008 19565
1298905616 19638
1299013944 19638
1300667177 19653
1300717702 19653
1300717976 19747
1300719614 19747
1300811705 19758
1300818166 19754
1300826347 19755
1303201151 19844
1303804806 19877
1303806988 19883
1306437753 19965
1306438933 20035
1306439356 20034
1306504698 19038
1306506554 19069
1306507687 19074
1306508320 19074
1306510248 19093
1306511086 19094
1306513030 19094
1306516204 19121
1306516590 19139
1308070709 19184
1308072430 19201
1308247749 19201
1308603906 19221
1308606655 19221
1309395780 19225
1309395807 19224
1309396093 19224
1309396642 19234
1309396833 19224
1309397578 19225
1309398871 19224
1309400108 19243
1309530891 19259
1309531094 19247
1309535359 19247
1309538171 19464
1309538817 19470
1309539743 19457
1309542896 19460
1309544000 19460
1309545001 19465
1309554539 19465
1309560889 19471
1309569760 19481
1309615087 19481
1309615445 19482
1309870693 19482
1309870812 19493
1309871013 19493
1309873335 19487
1309873337 19487
1309874355 19496
1309898423 19489
1311107549 19507
1311107562 19510
1311368206 19526
1311368221 19528
1311627144 19545
1311632779 19547
1311700963 19563
1311701511 19568
1311788874 19603
1311788888 19603
1311794635 19623
1311948065 19678
1311948127 19678
1311948385 19678
1311949870 19672
1311951165 19672
1311951173 19672
1312322446 19710
1312322811 19710
1312380774 19733
1312402301 19733
1312404109 19734
1312478989 19735
1312813113 19738
1312900100 19738
1312900749 19762
1312983219 19766
1313593755 19786
1313685472 19806
1313685481 19806
1313716221 19780
1313756511 21488
1314478215 21506
1314726698 21524
1314988739 21520
1315959996 21538
1315960003 21538
1316007380 21554
1316019215 21560
1316036339 21561
1316197849 21561
1316454126 21587
1317749651 21584
1317822233 21584
1319901876 21735
1319906183 21741
1319906378 21767
1319908353 21759
1319909282 21786
1319912133 21783
1319918012 21804
1320073194 21802
1320073202 22978
1320076144 22985
1320076613 22985
1320078902 22980
1320090343 22999
1320367399 22999
1320438747 22999
1320782127 22999
1320798723 22999
1320804878 22999
1320865486 23010
1321296589 23029
1321303778 23015
1321306509 23015
1321627059 23012
1321885923 23009
1321897843 23015
1321897889 23015
1322073007 23034
1322073032 23034
1322073817 23034
1322074013 23034
1322075019 23132
1322078354 23106
1322081335 23106
1322081844 23080
1322084919 23081
1322085824 23085
1322087524 23077
1322087737 23077
1322160619 23077
1322697613 23077
1323099963 23108
1323103729 23108
1323113655 23128
1323203385 23113
1323206480 23113
1323207577 23113
1324046623 23113
1324047546 23113
1324310090 23111
1324311625 23120
1324406813 23117
1324920911 23117
1324920932 23132
1324929917 23155
1324930554 23156
1325253110 23151
1325253602 23151
1325861935 23164
1325877229 23169
1325879623 23197
1325882563 23178
1326034521 23177
1326300961 23178
1326300982 23178
1326301489 23178
1326301870 23197
1326302918 23202
1326307516 23186
1326314805 23187
1326315387 23188
1326318470 23197
1326319410 23210
1326331187 23210
1326399202 23222
1326400006 23442
1326402353 23442
1326402994 23442
1326403095 23442
1326404095 23483
1326404238 23458
1326404787 23458
1326406155 23459
1326408285 23462
1326409841 23462
1326470271 23474
1326470584 23487
1326470858 23489
1326471247 23495
1326475684 23496
1326478733 23508
1326479453 23509
1326480475 23522
1326483043 23522
1326486477 23527
1326488519 23558
1326489014 23558
1326489444 23559
1326489965 23564
1326491772 23565
1326492528 23587
1326493215 23599
1326493527 23605
1326550270 23619
1326812995 23625
1326813462 23619
1326814141 23628
1326815643 23646
1326816985 23676
1326817097 23675
1326819315 23693
1326826482 23700
1326826952 23712
1326827598 23712
1326827822 23711
1326831986 23723
1326832864 23727
1326834808 23727
1327254265 23727
1327254339 23786
1327254673 23786
1327254803 23787
1327254905 23787
1327255497 23787
1327332713 23802
1327334409 23802
1327348708 23802
1327349191 23802
1327360580 23811
1327360610 23811
1327425791 23840
1327505093 23840
1327518187 23869
1327519024 23910
1327519110 23910
1327519737 23912
1327520097 23912
1327932574 23925
1327933827 23925
1327934739 23925
1327934868 23926
1327935967 23939
1327936422 23924
1327936644 23924
1327937999 23929
1327939396 23930
1327941635 23950
1327943938 23968
1327948114 23967
1327949820 23964
1327955464 23971
1327956621 23971
1327956743 23971
1327958680 24247
1327959007 24251
1327959323 24251
1328011476 24595
1328023314 24270
1328023789 24275
1328193968 24281
1328193999 24344
1328201510 24394
1328209794 24396
1328209999 24394
1328211696 24394
1328215206 24391
1328215213 24391
1328216074 24409
1328216521 24409
1328217559 24433
1328217730 24433
1328218256 24483
1328218449 24473
1328219712 24512
1328220148 24512
1328220610 24517
1328220928 24487
1328221862 24492
1328222536 24492
1328275308 24496
1328275325 24505
1328281977 24523
1328282477 24531
1328282536 24535
1328282943 24534
1328539654 24536
1328738317 24570
1328738351 24576
1328739234 24576
1329161976 24580
1329162106 24586
1329227064 24587
1329247200 24587
1329251378 24592
1329311501 24595
1329318599 24616
1329325470 24643
1329411356 24643
1329484012 24762
1329489197 24762
1329492531 24762
1329578966 24767
1329630852 24766
1330180658 24771
1330369429 24774
1330369484 24774
1330370090 24774
1330371023 24789
1330371026 24803
1330371150 24795
1330371433 24809
1330371470 24808
1330372581 24808
1330376853 24821
1330616637 24859
1331155038 24858
1331155069 24858
1331156968 24858
1331559407 24864
1331562794 24868
1331565144 24874
1331565406 24876
1331565764 24876
1331735285 24876
1331735330 24879
1331767329 24897
1331860544 24897
1331930372 24881
1331930830 24899
1332169645 24907
1332171312 24916
1332174437 24939
1332189293 24966
1332190858 24980
1332340283 24992
1332340854 24999
1332343110 25016
1332343382 25016
1332343687 24919
1332344426 24910
1332346062 24930
1332346876 24945
1332356129 25120
1332363098 25122
1332432198 25122
1332432208 25130
1332768547 25131
1332769078 25131
1332776203 25144
1333031146 25144
1333032544 25144
1333375935 25151
1333376030 25151
1333401106 25157
1333401406 25159
1333401908 25156
1333401911 25169
1333402526 25154
1333543974 25166
1333548513 25172
1333721619 25172
1333723164 25172
1333724106 25172
1333727899 25172
1333994407 25172
1333997371 25172
1334002159 25174
1334002404 25173
1334002594 25173
1334005626 25181
1334067849 25182
1334068042 25181
1334155044 25203
1334597059 25207
1334602081 25207
1334672171 25225
1334672436 25225
1334775362 25226
1334775396 25233
1335197940 25235
1335201915 25235
1335210518 25247
1335214683 25255
1335215397 25257
1335215758 25266
1335218183 25266
1335218290 25272
1335281595 25286
1335794608 25284
1335795397 25306
1335795571 25306
1335972776 25308
1335972822 25308
1336017140 25318
1336055592 25415
1336164097 25426
1336249089 25427
1336255226 25424
1336257235 25424
1336430362 25423
1336490824 25423
1336685901 25424
1336686901 25428
1336996381 25438
1337010065 25438
1337020943 25438
1337020978 25439
1337117507 25441
1337117636 25440
1337117679 25444
1337117924 25441
1337174076 25400
1337615207 25452
1337807628 25464
1337807666 25464
1337876800 25478
1337886284 25480
1337989322 25480
1338285544 25480
1338376481 25480
1338391973 25511
1338743833 25500
1338745098 25499
1338748552 25488
1338750404 25488
1338759848 25516
1338821301 25529
1338821542 25516
1338828256 25531
1338828557 25529
1338829239 25529
1338829243 25516
1338982570 25519
1338990504 25519
1339008392 25519
1339198611 25519
1339515381 25534
1339522072 25579
1339604430 25599
1339621618 25599
1339626804 25624
1339780263 25622
1339780297 25839
1339857901 25833
1339858503 25842
1339860785 25849
1339862001 25865
1340025007 25865
1340025270 25865
1340027355 25886
1340027412 25907
1340028886 25907
1340029285 25907
1340136491 25907
1340250943 25907
1340282612 26119
1340291646 26136
1340302837 26144
1340302919 26137
1340375502 26147
1340454948 26150
1340624342 26161
1340627207 26162
1340627607 26173
1340649532 26195
1340661293 26167
1342299754 26167
1342462642 26168
1342474952 26167
1342490322 26166
1342621295 26159
1342635337 26159
1342697801 26159
1343229435 26179
1343229736 26162
1343317557 26197
1343324647 26203
1343326361 26217
1343399932 26215
1343402854 26218
1343737605 26216
1343842056 26216
1345211324 26216
1345211365 26272
1346176393 26273
1346176394 26299
1347642476 26311
1347642496 26617
1347642668 26614
1347901858 26623
1347901880 26631
1347907619 26635
1348327716 26638
1348328031 26633
1348428501 26633
1348590125 26633
1348675268 26633
1348685625 26628
1348860073 26629
1348860079 26630
1348860766 26648
1349122858 26648
1349122871 26659
1349125587 26670
1349147937 26681
1349179311 26699
1349189715 26699
1349193719 26695
1349290055 26700
1349290089 26728
1349290811 26729
1349291461 26780
1349291926 26780
1349464359 26785
1349703225 26785
1349845884 26786
1349891068 26787
1349893185 26786
1350311910 26784
1350313139 26782
1350325625 26793
1350397366 26793
1350399480 26793
1350466656 26793
1350474795 26804
1350500309 26808
1351112398 26810
1351112400 26851
1351116601 26850
1351200152 26850
1351629588 26850
1351637038 26850
1351649669 26850
1351817222 26858
1351872015 26863
1351891869 26900
1352049591 26902
1352125801 26905
1352326077 26911
1352327953 26912
1352733355 26912
1352930417 26917
1353086089 26922
1353095449 26994
1353096197 26993
1353096482 26993
1353098106 27012
1353098477 27012
1353103089 27014
1353103184 27015
1353355241 27016
1353355586 27040
1353356981 27040
1353357051 27040
1353361658 27042
1353362447 27048
1354128837 27053
1354128839 27052
1354129179 27076
1354129206 27075
1354130061 27076
1354130809 27061
1354131082 27169
1354131541 27184
1354131599 27185
1354131997 27187
1354133065 27194
1354133279 27193
1354133336 27193
1354140267 27236
1354205428 27236
1354207675 27236
1354227611 27246
1354318801 27262
1354365961 27259
1354562329 27263
1354660917 27304
1354661828 25596
1354661881 25585
1354826179 25585
1354826605 25585
1354828339 25631
1354830509 25628
1354892256 25628
1354911895 25628
1354915224 25640
1354918417 25645
1354921016 25734
1355151595 25734
1355153488 25734
1355154130 25734
1355155081 25741
1355155194 25742
1355163367 25750
1355166641 25752
1355168855 25851
1355173163 25820
1355175062 25836
1355177073 25836
1355201305 25840
1355239616 25850
1355242819 25852
1355243047 25861
1355243783 25870
1355244651 25870
1355251299 25881
1355252557 25891
1355254891 25891
1355263802 25922
1355327006 25949
1355327535 25940
1355328516 25940
1355328563 25941
1355328917 25949
1355330006 25944
1355331655 25941
1355335548 25943
1355336708 25951
1355336966 25954
1355338560 25947
1355339395 25948
1355345902 25941
1355346160 25940
1355346344 25938
1355347043 25936
1355347147 26098
1355347462 26108
1355347769 26108
1355348913 26119
1355349792 26118
1355350318 26096
1355350775 26095
1355351353 26102
1355362044 26103
1355362450 26087
1355377952 26103
1355407316 26103
1355422993 26103
1355424899 26117
1355428722 26129
1355428817 26129
1355428858 26127
1355429708 26120
1355432309 26131
1355438671 26390
1355438882 26393
1355439906 26376
1355440561 26380
1355441491 26380
1355441803 26380
1355441855 26380
1355445520 26380
1355448622 26377
1355457443 26377
1355497994 26383
1355498893 26398
1355498915 26397
1355499165 26397
1355500254 26397
1355500337 26397
1355500929 26398
1355501288 26400
1355501542 26403
1355501671 26404
1355518716 26405
1355518883 26405
1355520237 26410
1355521074 26410
1355521104 26410
1355760195 26429
1355761659 26429
1355772074 26431
1355772472 26431
1355780577 26440
1355782556 26437
1355782558 26463
1355848316 26463
1355864157 26477
1355864486 26492
1355868342 26533
1355868495 26538
1355868621 26537
1355932549 26537
1355932715 26537
1355933173 26555
1355933855 26561
1355935436 26554
1355935438 26554
1355936932 26557
1355955952 26512
1355956528 26504
1355957493 26502
1355957793 26495
1355958740 26488
1355958951 26488
1356033213 26484
1356035429 26447
1356035972 26447
1356037231 26447
1356037577 25737
1356037594 25737
1356103396 25789
1356103459 25792
1356104762 25794
1356105062 25805
1356105417 25818
1356105526 25818
1356106075 25820
1356106389 25835
1356106695 25835
1356106778 25835
1356110745 25871
1356112269 25871
1356115650 25871
1356119719 25872
1356122358 25887
1356125328 25887
1356131169 25887
1356207560 26093
1356279075 26093
1356504356 26105
1356532224 26107
1356534862 26112
1356542877 26112
1356545256 26113
1356548482 26110
1356548864 26110
1356560587 26110
1356563475 26099
1356588968 26117
1356589556 26116
1356608312 26116
1356661302 26116
1356661796 26090
1356709216 26100
1356713506 26099
1356735853 26108
1356736212 26100
1356741771 26073
1356743841 26079
1356793423 26071
1356892841 26079
1357068540 26079
1357078937 26078
1357133593 26078
1357139015 26072
1357140540 26071
1357315646 26072
1357429925 26071
1357431026 26071
1357509337 26116
1357516081 26071
1357571498 26072
1357576037 26085
1357587934 26084
1357590488 26746
1357590713 26746
1357664841 26744
1357690172 26744
1357832946 26766
1357833480 26766
1357876569 26766
1357920126 26774
1357927391 26772
1357937679 26777
1357942213 26787
1357943042 26797
1357953969 26797
1357954425 26797
1358008611 26796
1358025472 26797
1358082309 26797
1358196792 26812
1358214368 26812
1358256066 26819
1358257106 26820
1358261619 26835
1358262092 26835
1358280281 26837
1358281474 26825
1358281907 26825
1358282299 26823
1358285473 26823
1358302604 26823
1358302653 26813
1358304098 26812
1358342502 26812
1358348767 26812
1358371300 26812
1358453053 26812
1358758140 26803
1358796610 26815
1358867080 26815
1358875308 26815
1358875978 26815
1358934638 26817
1358945771 26814
1359054277 26816
1359055477 26816
1359110429 26852
1359110534 26852
1362791566 26853
1362791658 27084
1363010996 30045
1363011008 30071
1363016079 30070
1363095608 30070
1363103070 30072
1363190622 30068
1363352189 30066
1363437080 30066
1363515346 30067
1363657337 30067
1363657353 30091
1363675536 30095
1363675552 30099
1363684886 30117
1363685718 30114
1363686798 30097
1363687027 30098
1363687526 30098
1363687837 30107
1363688594 30106
1363688933 30124
1363689025 30132
1363689122 30138
1363689905 30150
1363690771 30167
1363691197 30167
1363691271 30223
1363691450 30219
1363691613 30236
1363691741 30234
1363691794 30234
1363692166 28850
1363693071 28834
1363693484 28784
1363694066 28800
1363694565 28837
1363694873 28822
1363705115 28825
1363705720 28819
1363736481 28835
1363737111 28844
1363738677 28853
1363739025 28855
1363745679 28855
1363747842 28872
1363749078 28887
1363752113 28971
1363752128 28973
1363758857 28980
1363763485 29007
1363781635 31298
1363782124 31298
1363782700 31303
1363784968 31303
1363786385 31303
1363788391 31301
1363788663 31301
1363788889 31306
1363808947 31306
1363813535 31305
1363822723 31305
1363822806 31305
1363826172 31305
1363829030 31305
1363956609 31305
1364063436 31303
1364229035 31303
1364260995 31286
1364296382 31286
1364324058 31286
1364360889 31287
1364511667 31294
1364528119 31294
1364563953 31294
1364582777 31301
1364584560 31313
1364677593 31313
1364846601 31312
1364996000 31312
1365041943 31316
1365042628 31339
1365059185 31343
1365474599 31334
1365524370 31311
1365782093 31311
1366298008 31313
1366472639 31319
1366573220 31322
1366592557 31328
1366642949 31313
1366954645 31314
1366988912 31314
1367433513 31331
1372090745 31331
1372090807 31413
1372237216 31427
1372256493 31426
1372783040 31426
1372852253 31426
1372878698 31471
1372992741 31471
1373042444 31471
1373112106 31506
1373219959 31506
1373220973 31509
1373642464 31510
1373805943 31510
1374211479 31510
1375081103 31517
1375168914 31522
1375169016 31522
1375364666 31523
1375364667 31523
1375820398 31523
1375824689 31523
1375886663 31521
1377097519 31521
1377450565 31521
1378578783 31522
1378744428 31501
1378919533 31501
1378919632 31501
1378920005 31515
1378920110 31531
1378920459 31532
1378920991 31534
1378921763 31511
1378924417 31511
1378924422 31511
1378924794 31512
1378932275 31513
1378932670 31524
1378944871 31527
1378945177 31525
1378945828 31607
1379349372 31608
1379623336 31622
1379624034 31622
1379624273 31626
1379874091 31630
1379943284 31658
1381409642 31655
1381410203 31655
1381411125 31672
1381436053 31682
1381436579 31693
1381450919 31727
1381451539 31725
1381453050 31496
1381453500 31496
1381454889 31491
1381456343 31493
1381516541 31493
1381837239 31492
1381837711 31492
1382050814 31496
1382051527 31506
1388513713 31509
1389130679 31510
1389887002 31510
1389887114 31510
1392321527 34262
1392417547 34261
1392536142 34312
1392586956 34312
1392900003 34327
1392931587 34327
1392932041 34342
1392937175 34343
1393080362 34360
1393093821 34374
1393283051 34377
1393345353 34382
1393420776 34381
1393445327 34380
1393457012 34399
1393524333 34417
1393613299 34420
1393613982 34420
1393853035 34434
1393869368 34461
1393869604 34461
1393892417 34459
1393948653 34464
1393951219 34476
1394027307 34528
1394027859 34533
1398267134 34541
1398267135 34725
1398274002 34639
1399296935 34634
1401216731 34639
1401720280 34639
1401720328 34626
1401724457 34626
1401742305 34626
1401942896 34625
1401942986 34636
1402495400 34636
1402956976 34642
1403044485 34642
1403705323 34642
1403901560 34711
1404697525 34711
1404697584 34711
1404844573 34711
1405353232 34711
1406084414 34711
1406225930 34712
1406229703 34717
1407181180 34725
1407187890 34726
1407337241 34726
1407343813 34726
1408395203 34733
1410449378 34735
1410457542 34753
1411501065 34753
1411662138 34755
1411664375 34755
1412359036 34755
1412359435 34756
1412884617 34766
1413831122 34766
1413926444 34766
1414005900 34766
1414103102 34786
1414588490 34786
1414705488 34786
1415034107 34860
1415035569 34859
1415815280 34859
1415819181 34859
1415823629 34856
1415823691 34856
1415831347 34856
1415897009 34884
1415898367 34885
1415898404 34891
1416002567 34899
1417354817 34913
1417453772 34909
1418042180 34909
1418331197 34911
1418331474 34909
1422981205 35314
1422981206 35443
1422990975 35527
1423085403 35536
1423139850 35537
1423440130 35537
1423501219 35535
1423501478 35536
1423583240 36235
1423761792 36264
